资本 17129 108.963772 5.957890
生产 11649 117.118231 5.700860
价值 10210 189.279430 4.884614
劳动 8874 235.737392 5.690604
商品 6559 211.615911 5.276417
货币 5503 449.405282 5.120881
部分 4436 215.392856 3.744965
形式 3911 377.156744 3.558387
剩余 3349 644.412993 1.484753
价格 3144 158.819924 3.791906
利润 3103 516.907482 4.573291
我们 2924 279.915445 4.070551
剩余价值 2598 103.950194 4.217659
过程 2549 350.755804 2.526547
流通 2547 443.848918 4.257449
因此 2536 291.837495 5.085753
他们 2303 109.229151 4.789821
土地 2199 296.458964 4.181060
如果 2136 452.299670 4.128710
可以 2130 135.344388 4.057843
已经 2005 451.341247 3.683142
社会 1996 375.643627 3.935714
情况 1830 1030.004859 3.238815
没有 1791 245.186617 4.816056
增加 1764 429.323227 4.156948
地租 1752 226.086537 3.476601
动力 1717 120.902093 1.195894
时间 1705 153.125509 2.168925
自己 1695 760.625121 3.552410
劳动力 1634 111.304099 3.874013
使用 1602 134.190785 3.844129
表现 1600 231.087928 3.216150
银行 1595 488.687969 3.771125
II 1556 247.450959 3.042651
另一 1542 122.873227 0.964548
由于 1496 135.806313 4.450630
主义 1488 635.808137 0.734473
方面 1474 410.706467 2.514726
转化 1454 402.482881 2.361950
必须 1452 899.671524 3.473931
消费 1367 758.349155 3.629991
经济 1359 552.323712 2.808763
本身 1355 102.938187 3.751069
职能 1317 487.005243 2.257476
进行 1293 283.848290 3.745203
需要 1191 239.454814 4.337384
转化为 1163 125.870142 2.450095
市场 1160 876.476861 3.171531
预付 1148 882.636093 3.224507
部类 1137 226.581898 0.737407
支付 1130 619.099586 3.874090
平均 1120 1609.539860 2.897097
机器 1109 1015.223152 4.175029
通过 1103 122.809499 3.805373
或者 1057 150.582870 3.695806
那末 1052 621.443172 3.558282
利润率 1043 236.393512 3.317305
条件 1036 1658.786502 2.420607
实际 1034 730.277883 3.160866
交换 1031 1172.519534 3.248929
一切 1024 118.970972 3.452284
利息 1023 412.820286 3.436244
关系 1013 956.567160 2.258529
并且 1003 570.121249 3.924108
提高 1001 521.242584 3.308223
完全 994 756.481424 2.475206
不断 988 120.919403 2.153597
工厂 977 212.781929 3.083391
发展 967 750.831002 3.683038
部门 963 287.361751 1.414072
全部 961 145.334540 3.969560
得到 960 138.820593 3.352405
变化 941 145.142016 2.333422
购买 930 1570.285533 3.744908
假定 918 445.230558 3.826133
例如 909 279.650122 3.844252
固定 890 467.310432 1.414986
之间 886 266.892753 2.458876
方式 884 127.501780 1.533292
经济学 882 448.077183 2.277046
其他 859 130.793520 2.781408
任何 853 2098.736614 3.275094
而且 849 142.476465 4.082021
一般 848 126.543092 2.751032
提供 841 620.551999 2.876434
减少 838 1088.964296 3.478491
要素 831 310.283118 1.715779
执行 816 542.797468 2.139962
期间 815 259.169666 1.228103
周转 801 407.462090 2.793623
等等 787 163.785774 3.276025
以前 762 113.332583 3.472813
积累 759 2601.406437 3.480241
工作日 741 202.272773 2.689241
什么 736 2549.584103 2.323376
自然 733 156.712501 2.964180
英国 732 475.771484 3.164225
构成 730 380.818337 3.332171
阶级 712 1119.452527 1.356404
所有者 711 194.384738 1.574686
第二 699 345.964065 2.421033
各种 682 129.115139 2.836932
手段 667 586.369006 1.060981
能够 663 393.906737 2.733893
另一方 662 239.541188 0.698536
虽然 661 750.758176 3.529040
情况下 660 211.891028 0.735044
考察 655 2558.396699 2.439458
按照 644 1438.297364 2.872940
国家 643 128.153846 2.603502
补偿 642 2596.542190 2.962110
另一方面 639 384.632564 3.472640
问题 622 3227.796381 3.143115
农业 618 237.865795 3.149187
相反 613 302.606957 3.030549
比例 608 293.820135 1.593846
结果 600 380.037681 2.473135
包含 597 2183.520168 2.342674
基础 594 2964.526544 1.619232
程度 585 229.220270 1.458382
影响 581 4543.850031 1.907439
扩大 566 570.978059 3.010136
第页 565 517.921998 2.474877
运动 564 142.074519 2.880626
场合 562 394.306647 0.667806
组成 557 373.589496 1.200653
下降 553 418.142041 2.645355
特殊 549 1170.599411 1.847882
最后 533 323.251519 3.460712
第II部类 531 356.357835 2.585291
那里 527 113.327755 1.877523
规律 525 1151.789941 1.820107
循环 524 4524.710119 2.026811
性质 519 711.622742 1.829197
第I部类 514 186.965667 2.878776
那些 512 113.129211 2.660138
执行职能 508 343.405873 2.256105
东西 507 2686.658157 0.988454
信用 506 237.623941 3.004694
规模 504 1645.533650 2.093007
引起 499 748.041540 2.771801
组成部分 495 257.215454 1.277591
事实 494 265.769670 3.190950
现代 493 138.355323 1.332440
说明 492 165.031349 2.621325
区别 486 834.976127 2.399967
利息率 484 332.738265 2.656653
阶段 482 811.432960 1.271044
需求 477 651.945587 2.435267
独立 476 1444.154960 1.968748
完成 473 140.642479 2.800807
计算 468 1896.835386 3.043879
简单 465 1526.233680 1.800759
实际上 464 137.264413 3.084971
绝对 457 389.446025 1.740265
开始 453 1246.061714 2.897166
第号 446 443.799216 2.476631
企业 445 495.593596 2.809205
必然 444 116.334993 2.020066
互相 439 559.594808 1.572371
降低 432 1020.561621 2.629791
汇票 427 3244.262383 2.274368
研究 424 5074.014398 2.593107
创造 421 2097.711599 2.124414
对立 415 148.792176 1.805578
材料 411 795.215730 1.811158
经营 409 323.644270 2.552244
前提 408 198.635531 1.082952
以及 404 180.345665 2.927222
看到 400 106.108209 1.298906
规定 399 143.387034 2.879175
vm 396 915.674705 1.507494
马克 394 1965.498313 0.719786
超过 393 241.768685 2.594045
取得 391 207.099667 2.333944
比较 388 291.656164 2.345921
形态 387 306.038256 1.917753
才能 386 153.183360 2.613539
整个 384 140.939151 2.075862
特别 380 229.300605 1.877371
人口 379 146.517314 2.164998
cv 372 1043.897732 1.944610
有权 371 109.167837 1.017329
分配 370 206.890691 2.343319
竞争 369 4591.287433 2.768411
马克思 368 2862.194561 2.567302
知道 365 2638.747252 1.458146
认为 360 128.899441 2.320710
庸俗 359 6967.081025 0.626601
数量 355 152.270548 2.011772
增殖 352 713.206693 1.864327
也就是说 351 141.340508 2.888964
占有 346 129.550579 2.739158
获得 345 721.322368 2.235015
属于 342 166.866956 2.221801
许多 339 638.235782 2.406529
流回 338 259.011062 2.265065
转移 337 705.723078 1.948386
仍然 336 517.041598 1.532354
表示 334 654.194826 2.656553
财富 333 2622.053024 2.276913
进入 331 152.270546 2.224129
Ic 329 237.707791 1.248035
金属 327 532.648242 1.986204
领域 326 5834.773077 1.005826
第三 325 227.648740 1.238737
真正 324 1231.748923 1.966785
伦敦 321 6859.342585 1.940038
调节 314 2241.032614 2.026847
包括 313 2187.608567 2.751573
耗费 312 527.518356 1.946931
理论 311 466.237255 2.097670
年月 304 331.138053 1.383285
所有权 301 247.839711 1.511535
工厂主 298 170.024316 2.341673
更多 297 226.506121 1.481659
英格兰 296 1114.475402 1.004769
当然 295 102.906447 2.709737
支配 293 625.359662 2.220032
雇佣 292 4384.114527 0.638222
谷物 291 995.261596 2.208395
要求 289 116.325178 2.941951
平均利润 288 113.375636 2.284984
历史 284 6362.452898 1.529624
指出 281 219.855360 1.319798
根据 280 2978.193692 2.356241
保持 279 1358.401095 1.673580
准备 278 2490.373890 1.814096
无关 276 237.996815 1.944821
政治 275 3477.318918 0.810595
界限 273 1087.587260 1.491286
农场 272 193.050297 0.680205
事情 271 204.821271 1.747611
交易 270 711.888806 2.239527
英亩 269 1802.100181 1.494822
IIc 267 385.699609 2.064004
世界 265 1926.553154 1.620232
正常 261 403.182572 1.332811
意义 260 365.259787 1.239014
回到 259 133.381820 1.606523
相应 256 139.660223 0.833914
付给 255 200.446368 1.646348
土地所有者 254 185.218639 2.460421
法律 253 388.332889 1.918117
儿童 252 7687.317621 1.868961
达到 251 243.456496 1.974281
租地农场 250 586.257919 1.058017
供给 249 373.136308 2.347159
结合 248 308.342702 2.015665
等价物 247 514.575435 1.396749
制造 245 337.671804 2.055816
代替 242 1036.438652 2.138250
适应 240 837.638547 1.010109
成本价格 239 310.403851 1.764845
经济学家 236 107.369213 1.447380
继续 235 3592.775735 1.417220
每天 234 304.006581 2.057244
应当 232 240.176647 2.161583
理解 231 555.670855 2.315357
几乎 230 2644.238500 1.593236
再生产过程 229 100.714151 1.725840
从事 227 110.325419 1.818977
非常 226 951.756561 0.858683
农民 225 493.150966 1.650413
相对立 220 262.020666 1.147187
租地农场主 218 472.965623 2.350534
贸易 217 4171.476647 1.618662
消失 216 460.199711 1.719519
事实上 215 133.128803 2.849553
流通手段 214 172.339982 1.879386
所谓 213 399.794591 1.782448
分离 212 132.999210 2.001431
借贷 211 1092.752724 1.219255
多少 210 114.674497 2.016093
受到 209 131.471448 1.361455
贷款 208 1204.303231 1.956797
分析 206 371.399885 1.882231
形态变化 204 329.989747 1.236874
矛盾 203 13218.637681 1.337171
例子 201 381.513433 0.723396
共同 200 195.942454 1.115020
每周 199 142.704704 1.898773
如何 198 109.930104 1.529947
及其 197 328.309896 1.595968
无论 196 238.591340 1.412687
可见 195 184.552584 2.158785
条件下 194 110.017481 0.994208
cvm 193 960.932576 1.356507
雇佣工人 192 182.727837 1.942903
缩短 191 2509.605176 1.923540
周期 190 134.038860 1.710102
技术 188 8252.980122 1.392701
满足 185 2730.943731 1.993474
状况 184 577.064509 0.998051
其次 183 168.590449 2.101306
上衣 182 279.054483 1.592750
家庭 181 544.723601 1.456334
既然 180 270.977000 1.936516
更新 179 217.940048 1.978514
统治 177 2298.176265 1.219481
上述 176 120.844107 1.652675
最低 175 213.405652 0.803549
建筑 174 5409.098978 1.432268
利益 173 201.732182 1.324343
再转化为 172 120.762292 0.991712
转移到 171 180.502815 1.385152
委员 170 5016.000906 0.586662
限度 168 193.467495 0.571554
科学 167 1231.811037 1.515427
铁路 166 3958.023580 1.362036
办法 165 817.612895 0.680826
耕种 163 125.963786 1.749618
节约 162 1014.625841 1.694659
越来越 160 2301.858867 1.083813
垄断 159 1944.746269 1.639262
支付手段 158 286.800470 1.328590
著作 157 220.392232 1.014797
准备金 156 612.874187 1.293117
法令 155 222.448565 0.745780
往往 154 2044.400881 1.614344
高利贷 153 1027.123874 1.686767
发生变化 150 175.310652 1.400540
年月日 149 419.721589 1.301537
委员会 147 256.919617 1.138461
耕地 146 108.185586 1.389981
速度 145 499.151942 1.093919
改良 144 3413.152509 1.413387
分割 143 336.418993 1.209588
投入流通 142 186.493260 1.710342
游离 140 3729.868263 1.182958
消耗 139 316.424620 1.481986
始终 138 1180.682776 1.026994
正确 137 394.356856 0.767246
明显 136 583.452237 1.247588
发达 135 223.361517 0.912684
暂时 134 268.322231 1.446178
每英亩 133 478.384390 1.065560
个人消费 132 106.888589 1.327551
流回到 131 137.870822 0.736660
适用于 130 200.609046 1.154007
反复 129 634.058653 1.455398
之外 128 111.429730 1.406534
比如说 127 257.168628 1.760129
肥力 126 453.356443 1.239559
似乎 125 3580.739636 1.420724
补充 124 832.364704 1.621486
星期 123 1115.026948 1.083665
革命 122 4018.000000 1.380767
最终 121 364.163857 1.414205
面包 120 109.313678 1.330556
保证 119 473.676503 1.664794
容易 118 1697.412674 1.184529
这样做 117 105.270684 1.677187
承担 116 4231.627666 0.838344
名义 115 436.432022 0.823904
运输 114 851.546520 1.043998
无酬劳动 113 116.922959 1.396064
磅纱 112 1006.076281 1.500146
强度 111 303.248538 0.947347
停滞 110 8432.228043 1.587009
概念 108 5896.637082 1.130637
妇女 107 7393.424394 1.250697
很清楚 106 1109.225907 1.140868
彼此 105 585.755245 1.300034
注意 104 1399.703071 1.184495
汇兑率 103 593.759285 1.180071
面积 102 102.783879 0.894471
第章 101 131.779007 0.538744
合理 100 141.833817 1.103222
分解为 99 132.026345 0.941148
找到 98 261.133493 1.150446
发生作用 97 109.751923 1.175805
第四 96 186.178787 0.629055
国民 95 101.144937 0.983092
借入 94 182.171075 0.523577
离开 93 293.666146 1.316508
经验 92 407.141737 1.276783
每夸特 91 156.668872 0.697163
位置 90 1770.989831 0.994033
IV 89 349.461246 1.144488
榨取 88 1428.812960 1.331710
Ivm 87 108.693513 1.389583
原理 86 107.299342 0.911330
迫使 85 207.585334 1.086428
序列 84 2848.008426 0.726527
第一卷 83 394.369337 0.936208
潜在 82 122.287728 0.607146
统计 81 547.697872 0.807113
分散 80 293.960519 0.913146
组织 79 536.121979 1.212803
最低限度 78 565.841675 0.522157
详细 77 15425.131122 0.541700
封建 76 3666.095621 0.604867
同时又 75 139.053202 1.052478
秘密 74 3522.302682 0.723960
合计 73 136.373143 0.864540
第二卷 72 427.629402 0.880069
居民 71 1383.572396 1.088440
习惯 70 16265.120584 1.204025
无疑 69 1144.926423 0.614130
忘记 68 9476.218182 0.851386
国债 67 185.076407 1.003654
类似 66 435.457726 0.569511
换句话说 65 329.391838 1.113183
发挥作用 64 236.997791 1.263211
无论如何 63 1139.395378 0.851557
数字 62 728.528222 0.767510
相一致 61 142.218121 0.675951
计划 60 1155.124113 0.710567
周转次 59 117.360497 0.795699
第三卷 58 413.375089 0.929320
年到年 57 220.927280 0.645321
第卷第章 56 348.958055 0.968496
相继 55 110.170797 0.659239
IIa 54 224.669031 0.655858
希望 53 7084.595701 1.074087
精神 52 4140.778069 0.724459
规模扩大 51 244.596511 0.594726
IIb 50 311.059062 0.520909
优势 49 6158.497175 0.526312
认识 48 1273.467887 1.171173
居住 47 2855.014452 0.630958
大陆 46 519.565534 0.740560
价格上涨 45 105.848643 0.919001
发财致富 44 539.376700 0.963896
形式变换 43 129.673042 0.683796
暴力 42 284.458945 0.650652
导致 41 1920.739933 0.886660
器官 40 524.209952 0.650891
穆勒 39 17708.938268 0.630582
用来购买 38 102.339955 0.795120
无耻 37 972.868361 0.574234
义务 36 124.680926 0.550923
流通速度 35 129.657650 0.544131
寻找 34 8858.576652 0.565774
住宅 33 9728.131222 0.686326
几乎完全 32 191.497367 0.514043
马尔萨斯 31 1565.812876 0.648279
引文 30 251.297975 0.584069
父母 29 18368.398611 0.673795
第二阶段 28 113.700105 0.593958
周期性 27 187.783321 0.539699
引证 26 108.768426 0.774790
富拉顿 25 3466.543074 0.583820
经济科学 24 144.677955 0.617142
环境 23 1124.724046 0.529307
换班制度 22 784.682152 0.666704
被消费掉 21 257.011822 0.612638
凝结 20 838.674064 0.577773
碰到 19 273.083944 0.625931
封建主 18 154.153450 0.577154
IIbv 17 439.771456 0.702699
铁匠 16 1501.839662 0.608677
呢绒 15 5902.195858 0.552669
价格下跌 14 119.454460 0.513775
最后一小时 13 212.847136 0.506606
中央银行 12 259.668612 0.555514
代办所 11 210.015337 0.524708
价格低廉 10 129.622113 0.509133
